# id x y z
0 15.600000 -0.570000 4.537080
1 15.600000 -0.431250 5.105870
2 15.600000 -0.788750 4.844280
3 15.600000 -0.220000 5.354790
4 15.600000 -0.867500 4.534970
5 15.600000 -0.566250 4.813680
6 15.600000 -0.240000 4.668810
7 15.600000 -1.073750 4.547810
8 15.600000 -0.342500 4.925300
9 15.600000 -0.641250 5.041310
10 15.600000 -0.220000 5.130390
11 15.600000 -0.962500 4.724780
12 15.600000 -0.360000 4.505900
13 15.600000 -0.940000 5.317150
14 15.600000 -1.060000 4.946970
15 15.600000 -1.182500 5.387560
16 15.600000 -0.897500 5.115070
17 15.600000 -0.533750 5.286630
18 15.600000 -0.416250 5.473450
19 15.600000 -0.811250 5.499780
20 15.600000 -1.100000 5.193470
21 15.600000 -1.196250 4.707220
22 15.600000 -0.736250 5.288680
23 10.301900 1.886250 3.802180
24 10.622500 1.886250 3.797980
25 10.431200 1.886250 3.465970
26 9.950620 1.886250 4.047910
27 10.336200 1.886250 4.081270
28 10.567500 1.886250 3.313530
29 10.636200 1.886250 3.594130
30 10.018800 1.886250 3.830230
31 10.628800 1.886250 4.120930
32 10.191900 1.886250 3.633360
33 9.676880 1.886250 4.137440
34 10.158100 1.886250 3.974110
35 10.495000 1.886250 3.956500
36 10.449400 1.886250 3.666820
37 9.972500 1.886250 3.390770
38 9.664380 1.886250 3.436250
39 9.916880 1.886250 3.643220
40 10.185000 1.886250 3.254370
41 9.823750 1.886250 3.179210
42 9.656880 1.886250 3.800220
43 10.428100 1.886250 3.155340
44 10.020600 1.886250 3.138720
45 7.843750 -0.813750 2.974200
46 7.670000 -0.813750 2.670120
47 7.923120 -0.813750 2.753970
48 7.432500 -0.813750 2.326380
49 7.242500 -0.813750 2.444080
50 7.754380 -0.813750 2.324370
51 7.931250 -0.813750 3.203340
52 7.562500 -0.813750 2.479620
53 7.135620 -0.813750 2.271120
54 7.423120 -0.813750 2.704860
55 7.908750 -0.813750 2.480510
56 7.586250 -0.813750 2.872520
57 7.945000 -0.813750 2.258560
58 7.265620 -0.813750 2.894210
59 7.270000 -0.813750 3.165570
60 7.002500 -0.813750 2.962640
61 7.490000 -0.813750 3.090380
62 7.680000 -0.813750 3.216900
63 6.995620 -0.813750 3.200680
64 7.042500 -0.813750 2.537760
65 7.226250 -0.813750 2.655170
66 6.953120 -0.813750 2.746450
67 6.952500 -0.813750 2.352760
68 15.600000 -2.741250 5.286850
69 15.600000 -2.962500 4.926570
70 15.600000 -3.016250 4.688800
71 15.600000 -2.483750 5.470130
72 15.600000 -3.046250 5.339890
73 15.600000 -3.200000 5.199730
74 15.600000 -2.893750 5.147850
75 15.600000 -2.247500 5.460090
76 15.600000 -2.477500 5.222990
77 15.600000 -2.848750 5.471550
78 15.600000 -3.175000 4.896600
79 15.600000 -2.756250 4.997790
80 15.600000 -3.190000 4.580840
81 15.600000 -3.181250 5.499950
82 15.600000 -2.666250 4.575130
83 15.600000 -2.285000 4.605940
84 15.600000 -2.231250 4.890670
85 15.600000 -2.542500 4.986310
86 15.600000 -2.538750 4.747940
87 15.600000 -2.243750 5.100760
88 15.600000 -2.907500 4.512730
89 15.600000 -2.741250 4.770690
90 15.600000 -2.472500 4.505740
91 12.900000 -4.795000 4.858690
92 12.900000 -4.877500 5.178550
93 12.900000 -4.908750 4.607340
94 12.900000 -4.227500 4.612920
95 12.900000 -4.507500 4.821840
96 12.900000 -4.651250 4.640510
97 12.900000 -4.988750 5.441510
98 12.900000 -4.980000 4.963250
99 12.900000 -4.631250 5.039370
100 12.900000 -4.468750 4.538220
101 12.900000 -4.022500 4.501560
102 12.900000 -4.306250 4.801660
103 12.900000 -4.127500 5.332940
104 12.900000 -4.430000 5.167880
105 12.900000 -4.041250 4.781320
106 12.900000 -4.265000 5.035740
107 12.900000 -4.311250 5.455120
108 12.900000 -4.635000 5.278260
109 12.900000 -4.546250 5.477240
110 12.900000 -4.755000 5.487540
111 12.900000 -4.052500 5.138400
112 12.900000 -4.002500 5.490140
113 12.900000 -9.758750 5.274270
114 12.900000 -9.203750 4.762300
115 12.900000 -9.285000 5.177050
116 12.900000 -9.527500 5.221810
117 12.900000 -9.321250 4.949900
118 12.900000 -10.020000 5.403180
119 12.900000 -9.493750 4.802750
120 12.900000 -9.257500 5.498700
121 12.900000 -9.637500 5.447990
122 12.900000 -9.591250 4.986410
123 12.900000 -9.257500 4.562040
124 12.900000 -9.833750 5.496990
125 12.900000 -9.440000 5.406320
126 12.900000 -10.196200 5.497870
127 12.900000 -9.772500 5.072840
128 12.900000 -10.057500 5.089010
129 12.900000 -10.070000 4.570100
130 12.900000 -9.538750 4.547110
131 12.900000 -9.948750 4.797890
132 12.900000 -9.690000 4.729050
133 12.900000 -10.133800 4.887080
134 12.900000 -10.173800 5.271280
135 12.900000 -9.755000 4.525210
136 16.748100 -11.700000 4.849030
137 16.561900 -11.700000 4.649160
138 17.064400 -11.700000 4.864080
139 17.182500 -11.700000 5.031190
140 17.164400 -11.700000 4.540280
141 17.016900 -11.700000 5.262620
142 16.253100 -11.700000 4.517500
143 16.871200 -11.700000 4.606910
144 17.196900 -11.700000 5.391570
145 16.891900 -11.700000 5.073660
146 16.701900 -11.700000 4.500150
147 16.272500 -11.700000 4.909330
148 16.471900 -11.700000 5.046880
149 16.626200 -11.700000 5.462710
150 16.552500 -11.700000 5.269130
151 16.356200 -11.700000 5.388460
152 16.366200 -11.700000 4.716980
153 16.290600 -11.700000 5.139220
154 16.808800 -11.700000 5.363690
155 16.687500 -11.700000 5.041060
156 17.006900 -11.700000 5.478330
157 16.518800 -11.700000 4.850220
158 23.305000 -11.700000 5.346650
159 22.925000 -11.700000 5.429130
160 22.577500 -11.700000 4.999090
161 23.044400 -11.700000 5.171180
162 22.560000 -11.700000 5.261350
163 22.503800 -11.700000 4.628200
164 22.851900 -11.700000 4.865130
165 22.796900 -11.700000 5.078520
166 22.624400 -11.700000 4.794070
167 22.725000 -11.700000 5.390260
168 22.545600 -11.700000 5.488990
169 23.130600 -11.700000 5.483460
170 23.471900 -11.700000 5.491230
171 23.472500 -11.700000 5.216920
172 23.456900 -11.700000 4.882030
173 23.496200 -11.700000 4.676850
174 23.252500 -11.700000 4.537630
175 22.846200 -11.700000 4.505870
176 23.251200 -11.700000 5.114530
177 22.995600 -11.700000 4.723280
178 23.080600 -11.700000 4.913660
179 23.281900 -11.700000 4.746390
180 23.048100 -11.700000 4.510290
181 31.480600 -11.700000 4.520510
182 31.286900 -11.700000 4.595690
183 31.292500 -11.700000 4.805050
184 30.973100 -11.700000 4.679460
185 31.683800 -11.700000 5.129600
186 31.256900 -11.700000 5.031570
187 31.599400 -11.700000 5.372430
188 31.573800 -11.700000 4.755330
189 31.455000 -11.700000 5.090450
190 31.683100 -11.700000 4.505690
191 30.734400 -11.700000 4.504300
192 31.087500 -11.700000 4.878880
193 31.098100 -11.700000 4.517020
194 31.686900 -11.700000 4.922840
195 30.915600 -11.700000 5.231570
196 31.322500 -11.700000 5.307090
197 30.945600 -11.700000 5.033140
198 30.759400 -11.700000 4.845740
199 31.088100 -11.700000 5.475020
200 30.841900 -11.700000 5.420450
201 30.711900 -11.700000 5.253580
202 31.136200 -11.700000 5.202770
203 30.711200 -11.700000 5.042290
204 31.425000 -11.700000 5.481140
205 21.288100 -8.900000 4.781060
206 21.143100 -8.900000 5.216610
207 20.659400 -8.900000 5.335940
208 21.120000 -8.900000 4.921750
209 20.405000 -8.900000 5.417360
210 21.253100 -8.900000 5.412120
211 20.863100 -8.900000 5.095110
212 21.028800 -8.900000 5.401800
213 21.297500 -8.900000 4.547960
214 20.829400 -8.900000 5.445970
215 21.271900 -8.900000 5.063160
216 20.915600 -8.900000 4.897330
217 21.095600 -8.900000 4.714990
218 20.666200 -8.900000 5.134060
219 20.519400 -8.900000 4.517810
220 20.422500 -8.900000 5.018280
221 20.972500 -8.900000 4.514430
222 20.322500 -8.900000 4.610080
223 20.676200 -8.900000 4.828930
224 20.308100 -8.900000 4.819060
225 20.790600 -8.900000 4.611410
226 20.481900 -8.900000 5.216030
227 20.492500 -8.900000 4.734620
228 27.510000 -8.900000 4.799370
229 27.581200 -8.900000 4.522250
230 27.743800 -8.900000 4.663160
231 27.300600 -8.900000 5.110170
232 27.305000 -8.900000 4.882860
233 27.133100 -8.900000 4.640290
234 27.146200 -8.900000 5.353050
235 27.352500 -8.900000 4.658060
236 27.899400 -8.900000 4.526760
237 27.589400 -8.900000 4.995160
238 27.121200 -8.900000 5.016680
239 28.098800 -8.900000 4.501040
240 27.786900 -8.900000 5.248140
241 28.011200 -8.900000 5.138680
242 28.029400 -8.900000 5.442970
243 27.565000 -8.900000 5.240400
244 27.868100 -8.900000 4.870040
245 28.052500 -8.900000 4.756430
246 27.508100 -8.900000 5.471550
247 27.788800 -8.900000 5.457890
248 27.353100 -8.900000 5.331870
249 28.098100 -8.900000 4.958220
250 34.155600 -8.900000 5.491710
251 34.878100 -8.900000 5.082720
252 34.896200 -8.900000 4.710780
253 34.646200 -8.900000 5.369720
254 34.624400 -8.900000 5.009960
255 34.888100 -8.900000 5.353600
256 34.345000 -8.900000 5.394170
257 34.225000 -8.900000 5.229500
258 34.403100 -8.900000 5.047530
259 34.753100 -8.900000 4.856320
260 33.923800 -8.900000 5.477030
261 34.541200 -8.900000 5.193020
262 34.891200 -8.900000 4.509310
263 34.127500 -8.900000 5.014850
264 34.673100 -8.900000 4.624650
265 34.370600 -8.900000 4.698490
266 33.975600 -8.900000 5.203770
267 33.940600 -8.900000 4.699320
268 34.101900 -8.900000 4.564070
269 34.163100 -8.900000 4.789620
270 33.939400 -8.900000 4.905570
271 34.446900 -8.900000 4.507870
272 34.553800 -8.900000 4.806890
273 33.900600 -8.900000 4.503120
274 39.519400 -11.700000 4.873790
275 40.081200 -11.700000 5.443240
276 39.902500 -11.700000 4.591680
277 39.822500 -11.700000 4.944710
278 39.976200 -11.700000 5.192580
279 39.495000 -11.700000 4.619800
280 39.206200 -11.700000 4.539050
281 39.691900 -11.700000 4.742720
282 40.088800 -11.700000 4.706950
283 40.046900 -11.700000 4.925860
284 39.776900 -11.700000 5.173390
285 39.693800 -11.700000 4.503830
286 39.321200 -11.700000 4.720300
287 40.085600 -11.700000 4.506190
288 39.356900 -11.700000 5.157890
289 39.593800 -11.700000 5.392600
290 39.101900 -11.700000 5.051170
291 39.271900 -11.700000 5.452360
292 39.555000 -11.700000 5.121200
293 39.865600 -11.700000 5.383830
294 39.151200 -11.700000 4.855550
295 39.108800 -11.700000 5.296560
296 39.332500 -11.700000 4.955780
297 37.800000 -7.047500 4.820210
298 37.800000 -7.658750 5.430640
299 37.800000 -7.276250 4.984660
300 37.800000 -7.405000 5.445110
301 37.800000 -7.275000 5.252840
302 37.800000 -7.022500 5.173340
303 37.800000 -7.263750 4.766690
304 37.800000 -7.047500 5.493330
305 37.800000 -7.885000 5.473280
306 37.800000 -7.493750 5.185210
307 37.800000 -7.040000 4.554460
308 37.800000 -7.742500 5.249000
309 37.800000 -7.477500 4.983400
310 37.800000 -7.710000 4.907070
311 37.800000 -7.617500 4.523270
312 37.800000 -7.875000 4.702950
313 37.800000 -7.953750 5.133040
314 37.800000 -7.383750 4.502270
315 37.800000 -7.955000 4.926820
316 37.800000 -7.506250 4.778280
317 37.800000 -7.898750 4.500030
318 37.800000 -3.443750 5.274950
319 37.800000 -2.752500 4.638080
320 37.800000 -3.153750 4.994210
321 37.800000 -3.017500 4.779360
322 37.800000 -3.068750 4.559190
323 37.800000 -3.360000 4.679480
324 37.800000 -3.551250 4.950130
325 37.800000 -3.581250 5.434600
326 37.800000 -3.546250 4.543000
327 37.800000 -3.346250 5.050430
328 37.800000 -3.583750 4.740990
329 37.800000 -2.603750 4.502510
330 37.800000 -3.263750 4.503780
331 37.800000 -3.598750 5.145330
332 37.800000 -2.795000 5.150910
333 37.800000 -3.096250 5.444430
334 37.800000 -2.736250 5.486780
335 37.800000 -3.015000 5.245890
336 37.800000 -2.741250 4.925560
337 37.800000 -2.631250 5.313850
338 37.800000 -3.370000 5.492520
339 37.800000 -3.237500 5.290510
340 37.800000 -2.931250 4.998240
341 37.800000 -2.600000 4.783470
342 37.800000 -2.605000 5.075740
343 37.800000 3.231250 5.161320
344 37.800000 3.347500 5.414670
345 37.800000 3.343750 4.637330
346 37.800000 2.780000 5.184880
347 37.800000 3.091250 5.490070
348 37.800000 3.383750 4.840580
349 37.800000 2.495000 5.416040
350 37.800000 2.995000 5.029760
351 37.800000 2.745000 5.448050
352 37.800000 3.202500 4.941440
353 37.800000 2.917500 5.338620
354 37.800000 3.398750 5.048290
355 37.800000 3.170000 4.737970
356 37.800000 2.787500 4.820750
357 37.800000 2.687500 4.525460
358 37.800000 2.576250 5.054510
359 37.800000 2.552500 4.680040
360 37.800000 2.997500 4.520800
361 37.800000 2.406250 4.902330
362 37.800000 2.421250 5.188620
363 37.800000 2.437500 4.503070
364 37.800000 2.968750 4.727790
365 37.800000 3.197500 4.500150
366 37.800000 6.316250 4.853100
367 37.800000 6.210000 5.154690
368 37.800000 6.412500 5.150760
369 37.800000 6.201250 4.563900
370 37.800000 6.703750 4.637320
371 37.800000 6.397500 4.634480
372 37.800000 6.110000 4.941800
373 37.800000 6.906250 4.528880
374 37.800000 6.542500 4.885080
375 37.800000 6.202500 5.369250
376 37.800000 6.766250 4.828970
377 37.800000 6.103750 4.739340
378 37.800000 6.552500 4.502550
379 37.800000 6.400000 5.457250
380 37.800000 6.758750 5.192430
381 37.800000 7.057500 5.365760
382 37.800000 7.030000 4.736670
383 37.800000 6.605000 5.458850
384 37.800000 6.820000 5.474070
385 37.800000 7.058750 4.982400
386 37.800000 6.965000 5.161310
387 35.000000 -4.297500 5.171510
388 35.000000 -4.457500 5.477090
389 35.000000 -4.418750 4.990430
390 35.000000 -4.772500 5.272500
391 35.000000 -4.187500 5.415390
392 35.000000 -4.142500 5.035030
393 35.000000 -4.113750 4.612310
394 35.000000 -4.968750 5.436270
395 35.000000 -4.588750 5.124520
396 35.000000 -4.667500 5.479130
397 35.000000 -4.236250 4.846060
398 35.000000 -4.102500 5.233830
399 35.000000 -4.827500 4.502330
400 35.000000 -4.767500 4.925340
401 35.000000 -4.441250 4.626730
402 35.000000 -4.957500 5.177970
403 35.000000 -5.003750 4.596960
404 35.000000 -5.091250 4.777650
405 35.000000 -4.672500 4.729140
406 35.000000 -5.000000 4.981370
407 35.000000 -4.890000 4.766640
408 35.000000 -4.610000 4.514030
409 35.000000 -4.286250 4.500250
410 40.600000 -7.040000 4.688520
411 40.600000 -6.825000 4.583950
412 40.600000 -6.586250 5.102790
413 40.600000 -6.387500 4.802310
414 40.600000 -6.726250 4.834940
415 40.600000 -6.531250 4.603140
416 40.600000 -6.328750 5.386140
417 40.600000 -6.323750 5.111730
418 40.600000 -7.153750 4.522260
419 40.600000 -6.323750 4.567380
420 40.600000 -6.507500 5.286920
421 40.600000 -6.928750 4.865940
422 40.600000 -7.006250 5.120310
423 40.600000 -7.231250 5.417870
424 40.600000 -7.231250 5.131080
425 40.600000 -7.295000 4.817900
426 40.600000 -7.013750 5.365970
427 40.600000 -6.805000 5.438230
428 40.600000 -6.805000 5.161350
429 40.600000 -7.127500 4.930430
430 40.600000 -6.525000 5.488290
431 40.600000 -1.365000 5.225940
432 40.600000 -1.123750 5.240660
433 40.600000 -1.480000 4.749380
434 40.600000 -1.570000 5.433330
435 40.600000 -1.060000 5.474450
436 40.600000 -1.482500 5.021970
437 40.600000 -1.577500 5.229320
438 40.600000 -1.242500 4.976930
439 40.600000 -0.805000 5.348590
440 40.600000 -1.377500 5.492410
441 40.600000 -0.645000 5.478510
442 40.600000 -1.568750 4.539730
443 40.600000 -0.931250 5.181340
444 40.600000 -0.608750 5.228730
445 40.600000 -0.808750 4.894870
446 40.600000 -1.233750 4.685900
447 40.600000 -0.998750 4.661030
448 40.600000 -0.646250 4.695450
449 40.600000 -0.753750 4.514370
450 40.600000 -1.051250 4.861060
451 40.600000 -0.631250 4.993490
452 40.600000 -1.365000 4.532600
453 40.600000 -1.132500 4.506460
454 40.600000 2.951250 4.784960
455 40.600000 3.245000 5.081250
456 40.600000 2.577500 4.584580
457 40.600000 3.052500 5.005350
458 40.600000 3.351250 5.380210
459 40.600000 3.313750 4.569710
460 40.600000 3.295000 4.827800
461 40.600000 2.876250 4.577510
462 40.600000 3.083750 4.556420
463 40.600000 2.752500 4.810000
464 40.600000 3.177500 5.275850
465 40.600000 2.480000 5.144960
466 40.600000 2.452500 5.469000
467 40.600000 2.448750 4.739460
468 40.600000 2.772500 5.062140
469 40.600000 2.963750 5.445930
470 40.600000 2.841250 5.284540
471 40.600000 2.686250 5.469170
472 40.600000 2.548750 4.916120
473 40.600000 3.168750 5.494180
474 40.600000 2.638750 5.269100
475 41.318800 4.300000 5.362920
476 41.015000 4.300000 5.372070
477 41.040600 4.300000 4.690170
478 41.537500 4.300000 5.162630
479 41.148800 4.300000 5.184200
480 41.694400 4.300000 5.341150
481 41.243100 4.300000 4.840830
482 41.005000 4.300000 4.900550
483 41.520600 4.300000 5.474230
484 41.338100 4.300000 5.086200
485 41.945600 4.300000 5.489030
486 41.170600 4.300000 5.498550
487 41.558800 4.300000 4.528810
488 41.916900 4.300000 5.162940
489 41.884400 4.300000 4.678770
490 41.436900 4.300000 4.741380
491 41.748800 4.300000 4.966250
492 41.965000 4.300000 4.879580
493 41.218100 4.300000 4.514840
494 41.656200 4.300000 4.749390
495 41.521200 4.300000 4.934940
496 41.989400 4.300000 4.504860
497 41.766200 4.300000 4.513150
498 45.482500 4.300000 5.056320
499 45.065600 4.300000 4.506650
500 45.173800 4.300000 4.983300
501 45.466900 4.300000 4.679190
502 44.958100 4.300000 4.847750
503 45.498800 4.300000 5.355600
504 45.315600 4.300000 5.260080
505 44.592500 4.300000 4.506840
506 44.866900 4.300000 4.571320
507 45.244400 4.300000 4.732810
508 45.287500 4.300000 4.530440
509 44.720000 4.300000 4.716830
510 45.390600 4.300000 4.871190
511 45.078100 4.300000 5.276080
512 44.812500 4.300000 5.487800
513 44.880600 4.300000 5.101540
514 44.671900 4.300000 4.946130
515 45.194400 4.300000 5.486640
516 44.563100 4.300000 5.193420
517 44.548100 4.300000 5.468700
518 44.516200 4.300000 4.714330
519 44.773800 4.300000 5.282040
520 49.312500 4.300000 5.482240
521 48.725000 4.300000 5.366460
522 48.830600 4.300000 4.925920
523 48.903100 4.300000 5.484420
524 48.598100 4.300000 5.132290
525 48.504400 4.300000 4.840020
526 49.024400 4.300000 5.070170
527 49.090600 4.300000 5.287680
528 48.522500 4.300000 5.474070
529 48.568800 4.300000 4.634420
530 48.850600 4.300000 5.208350
531 48.741900 4.300000 4.746650
532 49.110600 4.300000 5.492480
533 49.481200 4.300000 4.934680
534 49.445000 4.300000 5.157950
535 49.480000 4.300000 4.684990
536 49.225000 4.300000 5.054760
537 49.094400 4.300000 4.713880
538 49.265000 4.300000 4.572340
539 48.747500 4.300000 4.502440
540 48.987500 4.300000 4.541110
541 49.293100 4.300000 4.782860
542 49.499400 4.300000 5.370960
543 43.093100 7.100000 4.960710
544 43.381200 7.100000 4.592930
545 43.018100 7.100000 4.596540
546 43.434400 7.100000 4.983620
547 43.843100 7.100000 4.522140
548 43.284400 7.100000 4.816900
549 43.196900 7.100000 5.239220
550 43.648100 7.100000 4.678190
551 43.026200 7.100000 5.368500
552 43.001900 7.100000 5.148930
553 43.196900 7.100000 4.505540
554 43.611900 7.100000 4.877270
555 43.655000 7.100000 5.396360
556 43.406200 7.100000 5.492050
557 43.990600 7.100000 5.133490
558 43.493800 7.100000 5.263760
559 43.860600 7.100000 5.369360
560 43.896900 7.100000 4.770960
561 43.775000 7.100000 5.148950
562 43.196200 7.100000 5.475380
563 43.804400 7.100000 4.951110
564 47.705600 7.100000 5.139640
565 47.840000 7.100000 4.972300
566 47.601900 7.100000 4.913900
567 47.613100 7.100000 5.331700
568 47.966200 7.100000 4.545420
569 47.450000 7.100000 5.449050
570 47.476900 7.100000 5.132220
571 47.852500 7.100000 5.447930
572 47.936900 7.100000 5.189680
573 47.291200 7.100000 5.253640
574 47.228100 7.100000 5.473850
575 47.990000 7.100000 4.838720
576 47.782500 7.100000 4.738970
577 47.027500 7.100000 5.490440
578 47.323800 7.100000 4.632800
579 47.225600 7.100000 5.063940
580 47.608800 7.100000 4.559950
581 47.056200 7.100000 4.894950
582 47.122500 7.100000 4.649910
583 47.375600 7.100000 4.914830
584 47.046900 7.100000 5.208730
585 47.505600 7.100000 4.737900
586 40.107500 7.100000 4.960250
587 40.326200 7.100000 4.614720
588 40.316900 7.100000 4.914290
589 40.956200 7.100000 4.629530
590 40.657500 7.100000 4.920270
591 40.132500 7.100000 5.269690
592 40.515600 7.100000 4.537670
593 40.502500 7.100000 4.772610
594 40.370000 7.100000 5.195770
595 40.698100 7.100000 4.654410
596 40.110600 7.100000 4.737780
597 40.108100 7.100000 4.532630
598 40.485600 7.100000 5.023460
599 40.100000 7.100000 5.485370
600 40.571200 7.100000 5.288730
601 41.012500 7.100000 4.910500
602 41.001200 7.100000 5.491100
603 41.046900 7.100000 5.179090
604 40.848800 7.100000 5.094360
605 40.435600 7.100000 5.455160
606 40.831900 7.100000 5.321230
607 40.680000 7.100000 5.484060
608 40.829400 7.100000 4.809680
609 52.600000 6.635000 5.192540
610 52.600000 6.757500 5.372040
611 52.600000 6.017500 4.735980
612 52.600000 6.098750 5.349460
613 52.600000 6.417500 5.099500
614 52.600000 6.222500 4.878440
615 52.600000 6.202500 5.130270
616 52.600000 6.372500 5.418860
617 52.600000 6.578750 5.467700
618 52.600000 6.940000 5.484920
619 52.600000 6.017500 5.025950
620 52.600000 6.011250 4.519090
621 52.600000 6.476250 4.653320
622 52.600000 6.858750 4.881780
623 52.600000 6.596250 4.916090
624 52.600000 6.906250 5.145420
625 52.600000 6.222500 4.646370
626 52.600000 6.973750 4.717710
627 52.600000 6.675000 4.557640
628 52.600000 6.928750 4.516660
629 52.600000 9.353750 5.234840
630 52.600000 9.020000 4.692510
631 52.600000 9.273750 4.762280
632 52.600000 9.482500 4.838900
633 52.600000 8.881250 4.546960
634 52.600000 9.476250 5.420120
635 52.600000 9.028750 4.936440
636 52.600000 9.097500 4.508130
637 52.600000 9.377500 4.522100
638 52.600000 9.221250 5.049840
639 52.600000 8.772500 4.747880
640 52.600000 8.601250 4.541160
641 52.600000 9.461250 5.059660
642 52.600000 8.857500 5.218630
643 52.600000 8.628750 5.049100
644 52.600000 9.000000 5.377640
645 52.600000 8.783750 5.459250
646 52.600000 8.501250 5.312120
647 52.600000 8.546250 4.741480
648 52.600000 9.212500 5.463780
649 52.600000 8.827500 5.020520
650 52.600000 8.575000 5.498110
651 52.600000 9.070000 5.186770
652 50.000000 8.357500 5.167060
653 50.000000 7.920000 5.353710
654 50.000000 8.258750 5.365080
655 50.000000 7.827500 5.150580
656 50.000000 7.992500 5.018230
657 50.000000 7.672500 5.485390
658 50.000000 8.383750 4.886970
659 50.000000 8.185000 4.722610
660 50.000000 7.637500 5.267880
661 50.000000 8.388750 4.662090
662 50.000000 8.092500 5.200800
663 50.000000 7.473750 5.462880
664 50.000000 8.187500 4.949050
665 50.000000 8.095000 5.497660
666 50.000000 8.236250 4.514320
667 50.000000 7.408750 5.201200
668 50.000000 7.880000 4.561220
669 50.000000 7.593750 5.059410
670 50.000000 7.691250 4.758900
671 50.000000 7.442500 4.639640
672 50.000000 7.675000 4.527240
673 50.000000 7.788750 4.954370
674 50.000000 7.487500 4.844630
675 50.000000 7.970000 4.804090
676 50.000000 10.908800 4.616460
677 50.000000 10.485000 4.833520
678 50.000000 10.875000 4.898920
679 50.000000 10.611200 5.040390
680 50.000000 10.648800 4.684040
681 50.000000 10.616200 5.280110
682 50.000000 10.436200 4.507290
683 50.000000 11.133800 4.578500
684 50.000000 10.426200 5.215140
685 50.000000 11.380000 4.509500
686 50.000000 11.052500 4.772690
687 50.000000 10.410000 5.469970
688 50.000000 10.728800 4.500080
689 50.000000 10.810000 5.089730
690 50.000000 10.400000 5.016260
691 50.000000 10.878800 5.318610
692 50.000000 11.177500 5.255930
693 50.000000 11.391200 5.379300
694 50.000000 11.386200 5.082720
695 50.000000 11.045000 5.010530
696 50.000000 11.387500 4.760080
697 50.000000 11.040000 5.455980
698 50.000000 10.683800 5.471670
699 50.000000 11.235000 4.908380
700 53.193100 13.458800 3.600000
701 52.971900 13.436200 3.600000
702 53.386900 13.551200 3.600000
703 53.291200 13.782500 3.600000
704 52.923100 13.711200 3.600000
705 53.085000 13.898800 3.600000
706 53.132500 13.650000 3.600000
707 52.558100 13.517500 3.600000
708 52.788100 13.530000 3.600000
709 53.260000 14.223800 3.600000
710 53.349400 14.015000 3.600000
711 53.390600 14.376200 3.600000
712 53.100600 14.098800 3.600000
713 52.627500 13.745000 3.600000
714 52.431900 13.795000 3.600000
715 52.798800 13.882500 3.600000
716 52.913800 14.177500 3.600000
717 53.060600 14.337500 3.600000
718 52.559400 14.022500 3.600000
719 52.700600 14.175000 3.600000
720 52.616900 14.385000 3.600000
721 52.406200 14.288800 3.600000
722 52.824400 14.387500 3.600000
723 53.130600 13.406200 4.600000
724 53.380000 13.566200 4.600000
725 53.386200 13.841200 4.600000
726 53.126900 13.611200 4.600000
727 52.923800 13.417500 4.600000
728 53.114400 13.883800 4.600000
729 52.926900 13.718800 4.600000
730 53.193100 14.140000 4.600000
731 53.390000 14.341200 4.600000
732 53.376200 14.042500 4.600000
733 52.651200 13.530000 4.600000
734 52.457500 13.416200 4.600000
735 52.720600 13.718800 4.600000
736 53.004400 14.336200 4.600000
737 52.951200 14.002500 4.600000
738 53.195000 14.400000 4.600000
739 52.425600 13.827500 4.600000
740 52.470600 13.628800 4.600000
741 52.624400 13.898800 4.600000
742 52.816900 14.203800 4.600000
743 52.641900 14.102500 4.600000
744 52.671900 14.392500 4.600000
745 52.473800 14.300000 4.600000
746 52.428800 14.030000 4.600000
747 53.201200 13.400000 3.792650
748 53.400000 13.400000 3.826290
749 53.394400 13.400000 4.079360
750 53.169400 13.400000 4.032630
751 52.936200 13.400000 4.045600
752 53.000600 13.400000 3.809940
753 53.296200 13.400000 4.268750
754 53.394400 13.400000 4.487520
755 53.058800 13.400000 4.241840
756 52.705600 13.400000 3.826540
757 52.920600 13.400000 4.399900
758 52.421200 13.400000 3.841310
759 52.504400 13.400000 4.074800
760 52.721200 13.400000 4.092630
761 52.400600 13.400000 3.637750
762 52.706900 13.400000 4.351100
763 52.435000 13.400000 4.303380
764 53.400000 14.290000 3.932980
765 53.400000 14.137500 3.789960
766 53.400000 13.991200 4.021270
767 53.400000 13.932500 3.810900
768 53.400000 14.075000 4.253860
769 53.400000 14.363800 4.243910
770 53.400000 14.211200 4.410640
771 53.400000 13.641200 3.794980
772 53.400000 13.788800 3.966600
773 53.400000 13.916200 4.405010
774 53.400000 13.621200 4.085560
775 53.400000 13.658800 4.308680
776 53.400000 13.848800 4.215380
777 52.684400 14.400000 3.801790
778 52.425600 14.400000 3.944620
779 52.484400 14.400000 3.749600
780 52.706900 14.400000 4.098510
781 52.844400 14.400000 3.947820
782 52.504400 14.400000 4.261800
783 52.401200 14.400000 4.436970
784 53.061900 14.400000 3.876630
785 53.219400 14.400000 3.705210
786 52.886900 14.400000 4.205910
787 52.691900 14.400000 4.375080
788 52.895000 14.400000 4.442740
789 53.142500 14.400000 4.071430
790 53.073800 14.400000 4.292730
791 53.273100 14.400000 4.404890
792 52.400000 13.610000 3.711460
793 52.400000 13.586200 3.913020
794 52.400000 13.861200 3.896870
795 52.400000 13.753800 4.094670
796 52.400000 13.578800 4.404850
797 52.400000 13.558800 4.157210
798 52.400000 14.150000 3.827990
799 52.400000 13.973800 3.730280
800 52.400000 13.758800 4.298210
801 52.400000 14.025000 4.037190
802 52.400000 14.242500 4.092360
803 52.400000 13.975000 4.399780
804 52.400000 14.183800 4.308000
805 49.900000 13.928800 3.624940
806 49.900000 14.300000 3.754350
807 49.900000 14.400000 3.991340
808 49.900000 14.100000 3.749000
809 49.456200 13.736200 3.600000
810 49.432500 13.530000 3.600000
811 49.709400 13.808800 3.600000
812 49.621200 13.622500 3.600000
813 49.033800 13.492500 3.600000
814 49.208100 13.706200 3.600000
815 49.249400 13.423800 3.600000
816 49.485600 13.971200 3.600000
817 49.781900 14.228800 3.600000
818 49.701200 14.020000 3.600000
819 49.006200 13.833800 3.600000
820 49.300600 13.890000 3.600000
821 48.901200 13.643800 3.600000
822 49.420600 14.331200 3.600000
823 49.564400 14.173800 3.600000
824 49.636900 14.398800 3.600000
825 49.101200 14.026200 3.600000
826 49.240000 14.190000 3.600000
827 48.910000 14.093800 3.600000
828 49.029400 14.296200 3.600000
829 49.211900 14.398800 3.600000
830 49.816200 13.572500 4.600000
831 49.555600 13.478800 4.600000
832 49.839400 13.796200 4.600000
833 49.540600 13.842500 4.600000
834 49.435000 13.661200 4.600000
835 49.635600 13.665000 4.600000
836 49.898100 14.345000 4.600000
837 49.832500 14.070000 4.600000
838 49.560000 14.056200 4.600000
839 49.183100 13.585000 4.600000
840 48.926200 13.425000 4.600000
841 49.358800 13.432500 4.600000
842 49.340000 13.838800 4.600000
843 49.613100 14.388800 4.600000
844 49.460000 14.260000 4.600000
845 48.992500 13.672500 4.600000
846 49.002500 13.880000 4.600000
847 49.305000 14.117500 4.600000
848 49.100000 14.063800 4.600000
849 49.229400 14.305000 4.600000
850 49.007500 14.312500 4.600000
851 48.901200 14.115000 4.600000
852 49.640600 13.400000 3.712890
853 49.853100 13.400000 3.780830
854 49.821200 13.400000 4.004160
855 49.433800 13.400000 3.955940
856 49.604400 13.400000 4.070170
857 49.407500 13.400000 3.755570
858 49.898800 13.400000 4.222090
859 49.705600 13.400000 4.296150
860 49.888800 13.400000 4.436530
861 49.189400 13.400000 3.795330
862 49.488100 13.400000 4.340590
863 49.403800 13.400000 4.156900
864 48.923100 13.400000 4.066340
865 48.986200 13.400000 3.862940
866 49.209400 13.400000 4.006320
867 49.209400 13.400000 4.398350
868 49.086200 13.400000 4.185300
869 48.968800 13.400000 4.357550
870 49.846200 13.573800 3.600000
871 49.900000 14.102500 4.043870
872 49.900000 13.908800 3.952590
873 49.900000 14.356200 4.267310
874 49.900000 14.115000 4.270990
875 49.900000 13.740000 3.785500
876 49.900000 13.955000 4.424340
877 49.900000 13.913800 4.169790
878 49.900000 14.202500 4.455420
879 49.900000 13.640000 4.090140
880 49.900000 13.566200 3.903190
881 49.900000 13.772500 4.320610
882 49.900000 13.570000 4.328870
883 49.066900 14.400000 3.788940
884 48.940000 14.400000 3.988010
885 49.186200 14.400000 3.965020
886 49.357500 14.400000 3.828610
887 49.383800 14.400000 4.081070
888 49.022500 14.400000 4.302970
889 49.241200 14.400000 4.229360
890 49.566900 14.400000 3.813890
891 49.386200 14.400000 4.430120
892 49.183100 14.400000 4.425260
893 49.613100 14.400000 4.073660
894 49.678100 14.400000 4.320570
895 49.490600 14.400000 4.250350
896 48.900000 13.638800 3.845360
897 48.900000 13.876200 3.801020
898 48.900000 13.681200 4.078760
899 48.900000 13.895000 4.010500
900 48.900000 13.591200 4.395470
901 48.900000 14.091200 3.865470
902 48.900000 13.838800 4.230150
903 48.900000 13.800000 4.447250
904 48.900000 14.143800 4.099960
905 48.900000 14.286200 3.775490
906 48.900000 14.026200 4.314770
907 48.900000 14.271200 4.414430
908 51.363100 14.922500 3.600000
909 51.592500 15.138800 3.600000
910 51.664400 14.928800 3.600000
911 51.671200 15.365000 3.600000
912 51.206200 15.161200 3.600000
913 51.429400 15.351200 3.600000
914 51.225000 15.375000 3.600000
915 50.955000 15.105000 3.600000
916 51.103800 14.970000 3.600000
917 50.900600 14.912500 3.600000
918 51.645000 15.762500 3.600000
919 51.514400 15.542500 3.600000
920 51.021200 15.320000 3.600000
921 50.737500 15.292500 3.600000
922 50.706200 15.028800 3.600000
923 51.460000 15.892500 3.600000
924 51.300600 15.655000 3.600000
925 51.233800 15.871200 3.600000
926 50.981900 15.540000 3.600000
927 51.089400 15.715000 3.600000
928 50.788800 15.487500 3.600000
929 50.799400 15.888800 3.600000
930 50.741900 15.693800 3.600000
931 51.009400 15.898800 3.600000
932 51.406200 15.042500 4.600000
933 51.671900 15.047500 4.600000
934 51.669400 15.362500 4.600000
935 51.226900 14.917500 4.600000
936 51.538800 15.207500 4.600000
937 51.353800 15.395000 4.600000
938 51.238800 15.203800 4.600000
939 51.663100 15.626200 4.600000
940 51.451900 15.590000 4.600000
941 51.663100 15.841200 4.600000
942 50.956900 14.987500 4.600000
943 50.739400 14.902500 4.600000
944 51.003100 15.192500 4.600000
945 51.356200 15.770000 4.600000
946 51.231900 15.608800 4.600000
947 50.869400 15.370000 4.600000
948 50.756200 15.141200 4.600000
949 51.152500 15.388800 4.600000
950 51.041900 15.713800 4.600000
951 51.191900 15.885000 4.600000
952 50.877500 15.576200 4.600000
953 50.735600 15.721200 4.600000
954 50.898100 15.885000 4.600000
955 50.700600 15.477500 4.600000
956 51.620000 14.900000 3.804910
957 51.639400 14.900000 4.029220
958 51.408100 14.900000 3.807830
959 51.236200 14.900000 4.029450
960 51.436900 14.900000 4.085590
961 51.206900 14.900000 3.781680
962 51.533100 14.900000 4.380260
963 51.691900 14.900000 4.254640
964 50.980000 14.900000 3.807420
965 51.331900 14.900000 4.307040
966 50.713800 14.900000 4.068840
967 51.003800 14.900000 4.017270
968 50.748800 14.900000 3.869560
969 50.908100 14.900000 4.281990
970 51.128100 14.900000 4.264260
971 51.070000 14.900000 4.460020
972 50.718100 14.900000 4.345440
973 51.700000 15.892500 3.993540
974 51.700000 15.731200 3.840830
975 51.700000 15.557500 3.683170
976 51.700000 15.513800 3.880170
977 51.700000 15.407500 4.078210
978 51.700000 15.668800 4.049260
979 51.700000 15.873800 4.372260
980 51.700000 15.651200 4.291800
981 51.700000 15.231200 3.850040
982 51.700000 15.411200 4.407780
983 51.700000 15.138800 4.042140
984 51.700000 15.195000 4.244770
985 51.700000 15.213800 4.461980
986 50.718800 15.900000 3.982700
987 50.896200 15.900000 3.838730
988 50.704400 15.900000 3.778590
989 51.104400 15.900000 3.843210
990 51.131200 15.900000 4.080690
991 50.920000 15.900000 4.039730
992 50.735600 15.900000 4.215590
993 50.917500 15.900000 4.350060
994 50.708800 15.900000 4.437510
995 51.332500 15.900000 3.917830
996 51.495600 15.900000 3.801030
997 51.167500 15.900000 4.296090
998 51.455000 15.900000 4.089030
999 51.379400 15.900000 4.304110
1000 51.471200 15.900000 4.494130
1001 51.631900 15.900000 4.185760
1002 50.700000 15.106200 3.828130
1003 50.700000 15.363800 3.983770
1004 50.700000 15.120000 4.042960
1005 50.700000 15.388800 3.772770
1006 50.700000 15.127500 4.327280
1007 50.700000 15.296200 4.181130
1008 50.700000 15.563800 3.931830
1009 50.700000 15.306200 4.483320
1010 50.700000 15.720000 4.091910
1011 50.700000 15.503800 4.328010
1012 50.700000 15.508800 4.127590
1013 50.700000 15.703800 4.293930
1014 51.531900 13.423800 2.700000
1015 51.633800 13.603800 2.700000
1016 51.255000 13.202500 2.700000
1017 51.626900 13.240000 2.700000
1018 51.360600 13.596200 2.700000
1019 51.201200 13.418800 2.700000
1020 50.764400 13.202500 2.700000
1021 50.987500 13.410000 2.700000
1022 50.987500 13.206200 2.700000
1023 51.132500 13.607500 2.700000
1024 51.532500 13.977500 2.700000
1025 51.685600 14.153800 2.700000
1026 51.680000 13.808800 2.700000
1027 51.476900 13.760000 2.700000
1028 50.852500 13.657500 2.700000
1029 50.703800 13.502500 2.700000
1030 51.254400 14.186200 2.700000
1031 51.213100 13.948800 2.700000
1032 51.465000 14.171200 2.700000
1033 50.925000 13.891200 2.700000
1034 50.750600 14.081200 2.700000
1035 50.966200 14.088800 2.700000
1036 50.703100 13.846200 2.700000
1037 51.525600 13.290000 3.700000
1038 51.666900 13.618800 3.700000
1039 51.230600 13.200000 3.700000
1040 51.501900 13.497500 3.700000
1041 51.700000 13.410000 3.700000
1042 51.303100 13.521200 3.700000
1043 51.430000 13.693800 3.700000
1044 51.205000 13.696200 3.700000
1045 51.540000 13.966200 3.700000
1046 51.696200 13.821200 3.700000
1047 51.659400 14.157500 3.700000
1048 51.025000 13.478800 3.700000
1049 50.768100 13.235000 3.700000
1050 50.977500 13.260000 3.700000
1051 51.305000 14.032500 3.700000
1052 51.455000 14.171200 3.700000
1053 50.881200 13.651200 3.700000
1054 50.703100 13.501200 3.700000
1055 51.030600 13.990000 3.700000
1056 50.883100 13.852500 3.700000
1057 50.846200 14.118800 3.700000
1058 51.149400 14.170000 3.700000
1059 50.703800 13.956200 3.700000
1060 50.700600 13.741200 3.700000
1061 51.486900 13.200000 2.958570
1062 51.695000 13.200000 3.088240
1063 51.691200 13.200000 2.885980
1064 51.250600 13.200000 3.112440
1065 51.456900 13.200000 3.164580
1066 51.225000 13.200000 2.907480
1067 51.638800 13.200000 3.551480
1068 51.698100 13.200000 3.352070
1069 51.461200 13.200000 3.388020
1070 51.005600 13.200000 2.927090
1071 51.244400 13.200000 3.347970
1072 51.388800 13.200000 3.576430
1073 50.841900 13.200000 3.140270
1074 51.052500 13.200000 3.152980
1075 50.723100 13.200000 2.936060
1076 51.090000 13.200000 3.493900
1077 50.888800 13.200000 3.362960
1078 50.702500 13.200000 3.440550
1079 51.700000 14.177500 3.116920
1080 51.700000 13.986200 2.875330
1081 51.700000 14.196200 2.899190
1082 51.700000 13.888800 3.108760
1083 51.700000 13.705000 2.876720
1084 51.700000 13.707500 3.195890
1085 51.700000 14.121200 3.481800
1086 51.700000 13.966200 3.298790
1087 51.700000 13.403800 2.889380
1088 51.700000 13.552500 3.023350
1089 51.700000 13.803800 3.434180
1090 51.700000 13.385000 3.170770
1091 51.700000 13.441200 3.418020
1092 50.701200 14.200000 3.012140
1093 50.926200 14.200000 2.865430
1094 51.041200 14.200000 3.182190
1095 51.180000 14.200000 3.000490
1096 50.831200 14.200000 3.166520
1097 50.728100 14.200000 3.489320
1098 50.948100 14.200000 3.414940
1099 51.432500 14.200000 2.901580
1100 51.148100 14.200000 3.387330
1101 51.336900 14.200000 3.152340
1102 51.477500 14.200000 3.390090
1103 51.303100 14.200000 3.559080
1104 50.700000 13.398800 2.871880
1105 50.700000 13.682500 2.957960
1106 50.700000 13.508800 3.167310
1107 50.700000 13.525000 3.367240
1108 50.700000 13.302500 3.258760
1109 50.700000 13.725000 3.162730
1110 50.700000 13.886200 2.910370
1111 50.700000 13.692500 3.484940
1112 50.700000 13.380000 3.539560
1113 50.700000 14.015000 3.130410
1114 50.700000 13.895000 3.500920
1115 50.700000 13.903800 3.297140
1116 50.700000 14.108800 3.307840
1117 15.600000 -5.380000 4.900700
1118 15.600000 -5.553750 4.678430
1119 15.600000 -5.151250 4.627490
1120 15.600000 -4.863750 4.946440
1121 15.600000 -5.058750 5.117790
1122 15.600000 -4.821250 5.232980
1123 15.600000 -5.110000 4.888520
1124 15.600000 -4.868750 4.725660
1125 15.600000 -4.816250 5.469770
1126 15.600000 -5.792500 4.505120
1127 15.600000 -4.802500 4.527190
1128 15.600000 -5.371250 4.527750
1129 15.600000 -5.247500 5.051380
1130 15.600000 -5.571250 5.008490
1131 15.600000 -5.120000 5.455670
1132 15.600000 -5.480000 5.407110
1133 15.600000 -5.703750 5.184430
1134 15.600000 -5.281250 5.280030
1135 15.600000 -5.463750 5.187440
1136 15.600000 -5.773750 4.891300
1137 15.600000 -5.721250 5.486170
1138 40.600000 -9.822500 4.760370
1139 40.600000 -9.448750 5.219040
1140 40.600000 -9.650000 4.959250
1141 40.600000 -9.868750 5.339640
1142 40.600000 -9.442500 4.999510
1143 40.600000 -9.292500 5.345490
1144 40.600000 -9.575000 5.439110
1145 40.600000 -9.133750 5.467180
1146 40.600000 -9.840000 5.129710
1147 40.600000 -8.916250 5.484460
1148 40.600000 -9.650000 5.229000
1149 40.600000 -9.895000 4.517870
1150 40.600000 -9.266250 5.135920
1151 40.600000 -9.168750 4.722250
1152 40.600000 -9.028750 4.913420
1153 40.600000 -9.365000 4.626870
1154 40.600000 -8.952500 5.157330
1155 40.600000 -8.903750 4.693980
1156 40.600000 -9.566250 4.549530
1157 40.600000 -9.023750 4.513020
1158 40.600000 -9.578750 4.762370
1159 40.600000 -9.265000 4.898050
1160 8.224380 1.886250 2.393560
1161 7.597500 1.886250 3.053890
1162 7.438120 1.886250 2.434610
1163 7.785000 1.886250 2.600470
1164 7.574380 1.886250 2.784440
1165 7.748750 1.886250 2.897570
1166 7.374380 1.886250 3.220940
1167 7.391250 1.886250 2.866580
1168 8.002500 1.886250 2.563070
1169 7.675620 1.886250 2.414740
1170 7.930620 1.886250 2.340090
1171 7.400000 1.886250 2.638560
1172 7.923750 1.886250 2.750870
1173 7.736250 1.886250 3.331500
1174 8.077500 1.886250 2.948910
1175 7.891250 1.886250 3.104270
1176 8.224380 1.886250 2.604370
1177 8.263750 1.886250 3.292450
1178 8.323120 1.886250 3.021170
1179 8.048750 1.886250 3.337720
1180 8.345000 1.886250 2.781080
1181 8.121880 1.886250 3.151220
1182 11.443800 1.886250 4.783290
1183 11.893800 1.886250 4.781780
1184 11.754400 1.886250 4.562020
1185 11.929400 1.886250 4.979130
1186 11.831900 1.886250 4.366680
1187 11.239400 1.886250 5.029550
1188 11.626900 1.886250 4.872840
1189 12.136900 1.886250 4.669530
1190 11.468100 1.886250 5.009680
1191 12.068800 1.886250 4.458270
1192 12.016200 1.886250 4.264940
1193 12.124400 1.886250 5.034870
1194 12.136200 1.886250 4.085130
1195 11.583100 1.886250 4.396520
1196 11.270000 1.886250 4.387060
1197 11.432500 1.886250 4.057110
1198 11.821900 1.886250 4.046160
1199 11.169400 1.886250 4.745720
1200 11.201200 1.886250 4.150880
1201 11.641200 1.886250 4.177440
1202 11.505600 1.886250 4.586380
1203 11.305600 1.886250 4.594230
1204 11.424400 1.886250 4.259740
1205 4.967500 0.187500 1.138100
1206 5.348120 0.748750 1.138100
1207 5.252500 0.425000 1.138100
1208 5.468750 0.916250 1.138100
1209 5.037500 1.015000 1.138100
1210 5.277500 1.021250 1.138100
1211 5.013120 0.616250 1.138100
1212 5.702500 0.980000 1.138100
1213 5.128120 0.800000 1.138100
1214 5.042500 0.417500 1.138100
1215 5.427500 0.562500 1.138100
1216 5.886250 1.065000 1.138100
1217 5.631250 0.766250 1.138100
1218 5.643750 0.543750 1.138100
1219 5.860620 0.132500 1.138100
1220 5.566250 0.090000 1.138100
1221 5.621250 0.291250 1.138100
1222 5.417500 0.232500 1.138100
1223 5.831250 0.398750 1.138100
1224 5.224380 0.118750 1.138100
1225 5.841250 0.806250 1.138100
1226 5.945620 0.606250 1.138100
1227 40.600000 -4.655000 5.075940
1228 40.600000 -4.843750 4.951720
1229 40.600000 -4.713750 5.395060
1230 40.600000 -4.423750 5.125850
1231 40.600000 -4.256250 5.354180
1232 40.600000 -4.973750 4.742220
1233 40.600000 -4.521250 5.496620
1234 40.600000 -4.978750 5.331420
1235 40.600000 -4.995000 5.099830
1236 40.600000 -4.680000 4.823290
1237 40.600000 -4.990000 4.537490
1238 40.600000 -4.076250 5.465170
1239 40.600000 -4.817500 5.202450
1240 40.600000 -4.538750 5.289840
1241 40.600000 -4.191250 4.641490
1242 40.600000 -4.178750 5.133100
1243 40.600000 -4.450000 4.897630
1244 40.600000 -4.682500 4.561700
1245 40.600000 -4.178750 4.922920
1246 40.600000 -4.407500 4.613330
1247 40.600000 -4.032500 4.505810
1248 40.600000 -4.012500 4.743640
1249 40.600000 -4.015000 5.271890
1250 40.600000 -4.003750 5.021940
1251 4.588120 -1.490000 1.311440
1252 4.827500 -1.490000 1.636540
1253 5.220000 -1.490000 1.256390
1254 4.819380 -1.490000 1.226890
1255 5.220620 -1.490000 1.466620
1256 5.132500 -1.490000 1.928400
1257 5.254380 -1.490000 1.678480
1258 5.315620 -1.490000 2.112300
1259 4.866250 -1.490000 1.425970
1260 4.665000 -1.490000 1.506760
1261 4.360000 -1.490000 1.208480
1262 5.008750 -1.490000 1.752440
1263 5.030000 -1.490000 1.545790
1264 5.345620 -1.490000 1.903740
1265 5.020000 -1.490000 1.248270
1266 4.526250 -1.490000 1.694560
1267 4.647500 -1.490000 1.987470
1268 4.400620 -1.490000 1.893420
1269 5.085620 -1.490000 2.184130
1270 4.386250 -1.490000 1.440140
1271 4.405000 -1.490000 2.162400
1272 4.815000 -1.490000 2.144860
1273 4.830000 -1.490000 1.853090
1274 4.611880 -1.490000 2.197400
1275 5.188750 2.190000 1.893000
1276 4.888120 2.190000 2.000310
1277 4.965000 2.190000 1.809360
1278 4.806250 2.190000 1.684790
1279 4.508120 2.190000 2.199760
1280 5.063750 2.190000 1.507900
1281 5.225000 2.190000 1.332740
1282 4.655000 2.190000 2.038290
1283 5.170620 2.190000 2.172750
1284 4.654380 2.190000 1.833010
1285 5.174380 2.190000 1.674950
1286 4.295000 2.190000 2.158310
1287 4.963120 2.190000 2.190130
1288 4.453750 2.190000 1.999720
1289 4.475620 2.190000 1.258890
1290 4.320000 2.190000 1.626410
1291 4.889380 2.190000 1.280000
1292 4.268750 2.190000 1.894460
1293 4.550000 2.190000 1.616840
1294 4.281250 2.190000 1.344500
1295 4.701250 2.190000 1.207750
1296 4.810000 2.190000 1.481560
1297 4.610000 2.190000 1.417500
1298 4.456880 2.190000 1.794850
1299 5.075000 2.190000 1.200040
